4.161108739876876683e+00 2.866844975365533621e+00 4.161108739876876683e+00 2.866844975365533621e+00
4.051668093664522630e+00 2.428280340923218539e+00 4.051668093664522630e+00 2.428280340923218539e+00
4.086918587038844919e+00 2.522205860251927501e+00 4.086918587038844919e+00 2.522205860251927501e+00
4.233263809113108067e+00 2.168370814070710306e+00 4.233263809113108067e+00 2.168370814070710306e+00
4.202522048293559465e+00 2.397601918271384580e+00 4.202522048293559465e+00 2.397601918271384580e+00
3.824407405268085647e+00 2.509284306522831187e+00 3.824407405268085647e+00 2.509284306522831187e+00
4.308707309543392761e+00 2.364050718473827306e+00 4.308707309543392761e+00 2.364050718473827306e+00
3.264742317635738633e+00 2.547935804151219230e+00 3.264742317635738633e+00 2.547935804151219230e+00
4.149815370441875650e+00 2.809141456274909743e+00 4.149815370441875650e+00 2.809141456274909743e+00
4.115587225659055548e+00 2.696916823288559417e+00 4.115587225659055548e+00 2.696916823288559417e+00
4.121458917721478876e+00 2.921471869154368850e+00 4.121458917721478876e+00 2.921471869154368850e+00
3.863381226413757918e+00 2.493284285735887895e+00 3.863381226413757918e+00 2.493284285735887895e+00
4.679910012179409051e+00 2.856942047661557016e+00 4.679910012179409051e+00 2.856942047661557016e+00
4.125207575062409759e+00 3.304617939024654394e+00 4.125207575062409759e+00 3.304617939024654394e+00
4.017707850807221703e+00 3.034546253281244166e+00 4.017707850807221703e+00 3.034546253281244166e+00
4.334368040996637639e+00 3.030526063511924217e+00 4.334368040996637639e+00 3.030526063511924217e+00
4.247010968321665914e+00 2.326761772555953289e+00 4.247010968321665914e+00 2.326761772555953289e+00
4.711945235584567904e+00 3.072239495949048660e+00 4.711945235584567904e+00 3.072239495949048660e+00
3.675772556631789367e+00 3.790851015378153832e+00 3.675772556631789367e+00 3.790851015378153832e+00
3.887576626840883787e+00 2.959814224325685750e+00 3.887576626840883787e+00 2.959814224325685750e+00
3.852845413032272681e+00 2.844539922923574160e+00 3.852845413032272681e+00 2.844539922923574160e+00
4.000914710433413291e+00 2.342078269312895422e+00 4.000914710433413291e+00 2.342078269312895422e+00
3.846066777824098892e+00 3.079110499412357260e+00 3.846066777824098892e+00 3.079110499412357260e+00
4.490325144627866472e+00 3.681271526172190889e+00 4.490325144627866472e+00 3.681271526172190889e+00
3.864883029458318298e+00 3.456145496781440229e+00 3.864883029458318298e+00 3.456145496781440229e+00
4.351558032926377884e+00 2.672485272832667125e+00 4.351558032926377884e+00 2.672485272832667125e+00
3.878131631061329188e+00 3.972530825378374875e+00 3.878131631061329188e+00 3.972530825378374875e+00
4.064547752367531963e+00 2.957990652083273275e+00 4.064547752367531963e+00 2.957990652083273275e+00
3.883948569457475131e+00 3.078051952264785118e+00 3.883948569457475131e+00 3.078051952264785118e+00
3.611707687459937421e+00 2.818842981291630245e+00 3.611707687459937421e+00 2.818842981291630245e+00
3.756599704900740022e+00 3.559540019092271912e+00 3.756599704900740022e+00 3.559540019092271912e+00
4.056115423486713389e+00 3.559814801115426253e+00 4.056115423486713389e+00 3.559814801115426253e+00
3.895474400975654561e+00 3.156915588336315359e+00 3.895474400975654561e+00 3.156915588336315359e+00
3.647292536069944191e+00 4.181977992112279274e+00 3.647292536069944191e+00 4.181977992112279274e+00
4.124393939066949955e+00 3.450836611029759027e+00 4.124393939066949955e+00 3.450836611029759027e+00
4.153413967201331936e+00 4.286749350557884419e+00 4.153413967201331936e+00 4.286749350557884419e+00
3.956631937462784077e+00 3.043770667241479266e+00 3.956631937462784077e+00 3.043770667241479266e+00
4.275313528629157034e+00 4.024376538171809514e+00 4.275313528629157034e+00 4.024376538171809514e+00
4.389898637421977945e+00 4.748566633953329230e+00 4.389898637421977945e+00 4.748566633953329230e+00
3.509353230222291398e+00 4.270181430995077854e+00 3.509353230222291398e+00 4.270181430995077854e+00
4.141643337058309449e+00 3.470127472775476729e+00 4.141643337058309449e+00 3.470127472775476729e+00
4.149753594050378247e+00 3.567591097378015608e+00 4.149753594050378247e+00 3.567591097378015608e+00
3.433949508329235734e+00 3.981595616534095772e+00 3.433949508329235734e+00 3.981595616534095772e+00
4.074638587642883891e+00 4.595996665508901735e+00 4.074638587642883891e+00 4.595996665508901735e+00
4.277793131515402969e+00 4.121948538110367544e+00 4.277793131515402969e+00 4.121948538110367544e+00
4.053494242860114838e+00 4.374484157785243355e+00 4.053494242860114838e+00 4.374484157785243355e+00
4.282791914735232019e+00 3.203543185453927133e+00 4.282791914735232019e+00 3.203543185453927133e+00
3.343258437305058894e+00 3.450024709763843234e+00 3.343258437305058894e+00 3.450024709763843234e+00
3.711267439128261181e+00 4.183819150040108070e+00 3.711267439128261181e+00 4.183819150040108070e+00
3.114162195036489500e+00 3.151142930815975518e+00 3.114162195036489500e+00 3.151142930815975518e+00
4.439651382458904116e+00 3.822407705745097140e+00 4.439651382458904116e+00 3.822407705745097140e+00
3.590508727591556593e+00 2.751758697557203259e+00 3.590508727591556593e+00 2.751758697557203259e+00
3.553400302018493218e+00 5.162081580874849251e+00 3.553400302018493218e+00 5.162081580874849251e+00
3.890490287965108873e+00 4.141709743448589442e+00 3.890490287965108873e+00 4.141709743448589442e+00
3.472789501657511213e+00 3.257184136275636632e+00 3.472789501657511213e+00 3.257184136275636632e+00
3.649153530354816155e+00 3.790080716227370861e+00 3.649153530354816155e+00 3.790080716227370861e+00
3.994735379936905861e+00 4.386256800239121567e+00 3.994735379936905861e+00 4.386256800239121567e+00
3.240535400911340957e+00 4.863544598837908239e+00 3.240535400911340957e+00 4.863544598837908239e+00
3.425345697648446652e+00 4.579669434700768704e+00 3.425345697648446652e+00 4.579669434700768704e+00
3.323184395491956433e+00 4.358464198776719201e+00 3.323184395491956433e+00 4.358464198776719201e+00
3.760268777427285158e+00 3.971023882846284714e+00 3.760268777427285158e+00 3.971023882846284714e+00
3.550386873841710145e+00 4.417228241583436521e+00 3.550386873841710145e+00 4.417228241583436521e+00
3.256663218894822798e+00 3.947469899021984308e+00 3.256663218894822798e+00 3.947469899021984308e+00
3.666437370186993672e+00 4.159920677094238073e+00 3.666437370186993672e+00 4.159920677094238073e+00
3.894201824492161457e+00 4.607806698047344440e+00 3.894201824492161457e+00 4.607806698047344440e+00
3.667051994257700009e+00 3.997652787228093363e+00 3.667051994257700009e+00 3.997652787228093363e+00
4.128127048669890442e+00 3.766623861968418918e+00 4.128127048669890442e+00 3.766623861968418918e+00
4.044707883212389277e+00 5.252911519563320475e+00 4.044707883212389277e+00 5.252911519563320475e+00
3.323170337176635236e+00 4.804798959724211116e+00 3.323170337176635236e+00 4.804798959724211116e+00
2.912816806148135207e+00 5.396262834953287957e+00 2.912816806148135207e+00 5.396262834953287957e+00
3.134721036514818149e+00 5.541757439445255784e+00 3.134721036514818149e+00 5.541757439445255784e+00
2.960650884485165335e+00 4.089835581950526766e+00 2.960650884485165335e+00 4.089835581950526766e+00
3.489729288738608215e+00 4.928305029022882700e+00 3.489729288738608215e+00 4.928305029022882700e+00
3.452778197437965435e+00 4.040197491788593886e+00 3.452778197437965435e+00 4.040197491788593886e+00
3.390677629547992122e+00 4.882106871868013620e+00 3.390677629547992122e+00 4.882106871868013620e+00
3.317715670455739119e+00 4.314999226099358154e+00 3.317715670455739119e+00 4.314999226099358154e+00
2.802822926918076885e+00 4.390254619632444566e+00 2.802822926918076885e+00 4.390254619632444566e+00
3.623561060430423808e+00 4.983175211440816099e+00 3.623561060430423808e+00 4.983175211440816099e+00
3.293057226484909616e+00 3.930677620893369806e+00 3.293057226484909616e+00 3.930677620893369806e+00
3.543760504882619511e+00 4.693840773076492390e+00 3.543760504882619511e+00 4.693840773076492390e+00
2.918093797702409731e+00 4.926890222208771597e+00 2.918093797702409731e+00 4.926890222208771597e+00
2.899504215473621915e+00 4.219440662511537710e+00 2.899504215473621915e+00 4.219440662511537710e+00
3.426676615158673833e+00 5.028286512473780334e+00 3.426676615158673833e+00 5.028286512473780334e+00
2.675168384498532781e+00 4.923284439550663194e+00 2.675168384498532781e+00 4.923284439550663194e+00
3.006593658106796685e+00 5.659720323089958427e+00 3.006593658106796685e+00 5.659720323089958427e+00
3.498457540628352902e+00 4.194147787343791123e+00 3.498457540628352902e+00 4.194147787343791123e+00
2.805840201711171655e+00 5.887379943407347049e+00 2.805840201711171655e+00 5.887379943407347049e+00
3.045821522723862973e+00 4.166334476568223977e+00 3.045821522723862973e+00 4.166334476568223977e+00
3.702214482260278494e+00 4.877354377248845907e+00 3.702214482260278494e+00 4.877354377248845907e+00
3.830359168215653920e+00 4.511622301748121622e+00 3.830359168215653920e+00 4.511622301748121622e+00
3.322875471547626969e+00 4.667686267940974965e+00 3.322875471547626969e+00 4.667686267940974965e+00
3.091138269682543793e+00 4.172804904616058685e+00 3.091138269682543793e+00 4.172804904616058685e+00
2.841253639060145719e+00 3.430903763248494887e+00 2.841253639060145719e+00 3.430903763248494887e+00
3.050280386767670660e+00 4.410670733180352521e+00 3.050280386767670660e+00 4.410670733180352521e+00
2.710897465103089043e+00 4.723704062060661180e+00 2.710897465103089043e+00 4.723704062060661180e+00
3.168286962100004711e+00 4.427516804975628162e+00 3.168286962100004711e+00 4.427516804975628162e+00
2.982806209923148266e+00 4.748103547112937584e+00 2.982806209923148266e+00 4.748103547112937584e+00
3.428128264056347074e+00 4.632484292456855002e+00 3.428128264056347074e+00 4.632484292456855002e+00
3.091260657618074337e+00 5.356722326466433870e+00 3.091260657618074337e+00 5.356722326466433870e+00
3.110427722627357117e+00 5.554627675994820990e+00 3.110427722627357117e+00 5.554627675994820990e+00
3.190844927025899835e+00 4.812282185109959087e+00 3.190844927025899835e+00 4.812282185109959087e+00
2.812299452230283769e+00 5.423719133917180635e+00 2.812299452230283769e+00 5.423719133917180635e+00
3.349935294389141394e+00 4.801527428402716069e+00 3.349935294389141394e+00 4.801527428402716069e+00
2.921900249725100540e+00 4.622522602103125600e+00 2.921900249725100540e+00 4.622522602103125600e+00
3.106898269865542961e+00 5.285869982448204496e+00 3.106898269865542961e+00 5.285869982448204496e+00
2.815470831967683552e+00 4.702508912043576572e+00 2.815470831967683552e+00 4.702508912043576572e+00
2.841074360883994565e+00 4.817884899170475244e+00 2.841074360883994565e+00 4.817884899170475244e+00
2.377045630516285701e+00 4.708250275480128977e+00 2.377045630516285701e+00 4.708250275480128977e+00
2.917712479931609426e+00 6.283185307179586232e+00 2.917712479931609426e+00 6.283185307179586232e+00
2.513000774484412059e+00 4.878915029466524445e+00 2.513000774484412059e+00 4.878915029466524445e+00
3.233265436058110787e+00 6.102096741430418803e+00 3.233265436058110787e+00 6.102096741430418803e+00
3.015003453057875316e+00 5.392830962020266128e+00 3.015003453057875316e+00 5.392830962020266128e+00
3.212261267038324597e+00 5.670638864154428305e+00 3.212261267038324597e+00 5.670638864154428305e+00
2.756376044877983045e+00 4.856822778304896282e+00 2.756376044877983045e+00 4.856822778304896282e+00
2.371740799579320491e+00 4.695431229049100708e+00 2.371740799579320491e+00 4.695431229049100708e+00
2.610601873757377955e+00 5.041707675177697467e+00 2.610601873757377955e+00 5.041707675177697467e+00
2.631273642753122033e+00 5.654703957659657831e+00 2.631273642753122033e+00 5.654703957659657831e+00
2.228445758001215360e+00 4.395574615549420194e+00 2.228445758001215360e+00 4.395574615549420194e+00
2.397694878822457909e+00 4.774866773261193131e+00 2.397694878822457909e+00 4.774866773261193131e+00
2.416373287890694943e+00 4.899061423764983658e+00 2.416373287890694943e+00 4.899061423764983658e+00
2.025944759970760956e+00 5.013542374795357581e+00 2.025944759970760956e+00 5.013542374795357581e+00
2.252437342192555203e+00 5.059739066587879641e+00 2.252437342192555203e+00 5.059739066587879641e+00
2.147520038946854282e+00 5.060571613195042673e+00 2.147520038946854282e+00 5.060571613195042673e+00
2.657696395554711710e+00 5.081234566214763326e+00 2.657696395554711710e+00 5.081234566214763326e+00
2.121302420699374469e+00 5.077084920791545386e+00 2.121302420699374469e+00 5.077084920791545386e+00
2.408243433936694711e+00 5.277974211204282007e+00 2.408243433936694711e+00 5.277974211204282007e+00
2.245271166082680736e+00 4.973470553063628508e+00 2.245271166082680736e+00 4.973470553063628508e+00
2.637064685407192410e+00 5.319849058603128178e+00 2.637064685407192410e+00 5.319849058603128178e+00
2.201821971195534910e+00 5.387286127447278972e+00 2.201821971195534910e+00 5.387286127447278972e+00
2.705315523004878653e+00 4.408293407219945337e+00 2.705315523004878653e+00 4.408293407219945337e+00
2.348229556564366938e+00 4.927801374789001265e+00 2.348229556564366938e+00 4.927801374789001265e+00
2.611906433883725231e+00 5.818695632002409468e+00 2.611906433883725231e+00 5.818695632002409468e+00
1.951937760180085135e+00 4.718298920988662104e+00 1.951937760180085135e+00 4.718298920988662104e+00
2.216768725459534739e+00 5.112756330390107351e+00 2.216768725459534739e+00 5.112756330390107351e+00
2.053448641235742667e+00 4.182802806999157852e+00 2.053448641235742667e+00 4.182802806999157852e+00
2.150347081574978780e+00 5.232151046645799219e+00 2.150347081574978780e+00 5.232151046645799219e+00
2.195334866321795086e+00 5.473406905012461188e+00 2.195334866321795086e+00 5.473406905012461188e+00
1.965776777159730981e+00 5.188789436410107925e+00 1.965776777159730981e+00 5.188789436410107925e+00
2.695458924539387624e+00 4.965008293972973163e+00 2.695458924539387624e+00 4.965008293972973163e+00
1.964709436222698002e+00 4.245162772525869599e+00 1.964709436222698002e+00 4.245162772525869599e+00
1.799355834186637582e+00 4.634997695137580642e+00 1.799355834186637582e+00 4.634997695137580642e+00
1.789745472351619737e+00 4.564135002047635226e+00 1.789745472351619737e+00 4.564135002047635226e+00
1.683898301999099845e+00 5.393435585532947663e+00 1.683898301999099845e+00 5.393435585532947663e+00
2.044104032929840997e+00 5.045210495112660176e+00 2.044104032929840997e+00 5.045210495112660176e+00
1.567602060184906332e+00 3.782397850974033915e+00 1.567602060184906332e+00 3.782397850974033915e+00
1.986775046628378449e+00 5.060565586455011200e+00 1.986775046628378449e+00 5.060565586455011200e+00
2.333634934206840317e+00 4.488966088056674408e+00 2.333634934206840317e+00 4.488966088056674408e+00
2.252432221735297002e+00 4.975857276344153313e+00 2.252432221735297002e+00 4.975857276344153313e+00
1.902024781498789396e+00 4.468040038165194794e+00 1.902024781498789396e+00 4.468040038165194794e+00
2.095211456667205319e+00 5.339279676884870263e+00 2.095211456667205319e+00 5.339279676884870263e+00
1.845162918190478285e+00 5.475522699939557647e+00 1.845162918190478285e+00 5.475522699939557647e+00
1.365233679941276757e+00 4.880624776841560930e+00 1.365233679941276757e+00 4.880624776841560930e+00
1.858706826215312136e+00 4.450407224198867695e+00 1.858706826215312136e+00 4.450407224198867695e+00
1.842567061860447719e+00 5.150607445216090596e+00 1.842567061860447719e+00 5.150607445216090596e+00
2.043871900015394427e+00 5.482579098973756615e+00 2.043871900015394427e+00 5.482579098973756615e+00
1.964770858899085537e+00 5.174452346377432121e+00 1.964770858899085537e+00 5.174452346377432121e+00
1.912558793252920664e+00 5.220712926692554490e+00 1.912558793252920664e+00 5.220712926692554490e+00
1.711303728541557989e+00 5.389225675067098820e+00 1.711303728541557989e+00 5.389225675067098820e+00
1.961823678693989992e+00 4.759769090945815684e+00 1.961823678693989992e+00 4.759769090945815684e+00
1.354003343169152274e+00 4.491348579065679303e+00 1.354003343169152274e+00 4.491348579065679303e+00
1.775392722530389378e+00 4.196381670365116001e+00 1.775392722530389378e+00 4.196381670365116001e+00
1.452534637060372225e+00 5.266173876461114567e+00 1.452534637060372225e+00 5.266173876461114567e+00
1.306498827688246989e+00 4.857519645200023106e+00 1.306498827688246989e+00 4.857519645200023106e+00
9.016146263246080927e-01 4.465796665828678513e+00 9.016146263246080927e-01 4.465796665828678513e+00
2.048833392906718842e+00 4.183915641785903361e+00 2.048833392906718842e+00 4.183915641785903361e+00
1.968473093211913216e+00 3.757829674531476538e+00 1.968473093211913216e+00 3.757829674531476538e+00
2.028496245992601477e+00 4.524234828527755603e+00 2.028496245992601477e+00 4.524234828527755603e+00
1.206955224054771403e+00 5.340343981511706417e+00 1.206955224054771403e+00 5.340343981511706417e+00
1.434536686828007612e+00 4.736148484675315018e+00 1.434536686828007612e+00 4.736148484675315018e+00
1.501530052289910211e+00 5.450078845642474690e+00 1.501530052289910211e+00 5.450078845642474690e+00
1.944569393670703139e+00 4.419862544579927111e+00 1.944569393670703139e+00 4.419862544579927111e+00
1.238506956773108403e+00 4.994948184107525613e+00 1.238506956773108403e+00 4.994948184107525613e+00
1.112128316071914869e+00 5.147089282862836512e+00 1.112128316071914869e+00 5.147089282862836512e+00
1.430806758946618684e+00 5.010055058580559439e+00 1.430806758946618684e+00 5.010055058580559439e+00
1.187291190129004415e+00 3.768007610094932680e+00 1.187291190129004415e+00 3.768007610094932680e+00
1.864548978466465723e+00 3.994584251815751053e+00 1.864548978466465723e+00 3.994584251815751053e+00
1.412858576641814912e+00 4.184804082930557279e+00 1.412858576641814912e+00 4.184804082930557279e+00
1.756194262600301315e+00 3.738365766037171412e+00 1.756194262600301315e+00 3.738365766037171412e+00
1.489102837025069848e+00 5.319085029005279353e+00 1.489102837025069848e+00 5.319085029005279353e+00
8.214523824430718379e-01 4.080829884763812032e+00 8.214523824430718379e-01 4.080829884763812032e+00
1.469242587693657454e+00 3.642433719139799297e+00 1.469242587693657454e+00 3.642433719139799297e+00
1.311355436661086227e+00 4.775295372971629426e+00 1.311355436661086227e+00 4.775295372971629426e+00
1.302774671664616690e+00 4.414730807006089996e+00 1.302774671664616690e+00 4.414730807006089996e+00
1.972444629647216452e+00 5.165234070763688123e+00 1.972444629647216452e+00 5.165234070763688123e+00
8.098272295912000152e-01 4.493348395873535850e+00 8.098272295912000152e-01 4.493348395873535850e+00
1.771790642490744805e+00 4.062414582587042133e+00 1.771790642490744805e+00 4.062414582587042133e+00
8.964942737191761157e-01 4.129124042843527853e+00 8.964942737191761157e-01 4.129124042843527853e+00
1.290116025441329306e+00 3.781808074397359665e+00 1.290116025441329306e+00 3.781808074397359665e+00
1.636165964064546285e+00 3.888128018113742979e+00 1.636165964064546285e+00 3.888128018113742979e+00
1.260253136613574965e+00 3.226222597234116751e+00 1.260253136613574965e+00 3.226222597234116751e+00
1.229242881818304101e+00 4.304155440522088760e+00 1.229242881818304101e+00 4.304155440522088760e+00
1.318199652527289212e+00 4.856900433386353910e+00 1.318199652527289212e+00 4.856900433386353910e+00
1.416458604748441319e+00 3.279305617448673882e+00 1.416458604748441319e+00 3.279305617448673882e+00
1.197834768618686319e+00 4.187511012401062160e+00 1.197834768618686319e+00 4.187511012401062160e+00
8.190079089859492179e-01 4.703989554728830846e+00 8.190079089859492179e-01 4.703989554728830846e+00
1.155562997858582630e+00 3.683186031479046108e+00 1.155562997858582630e+00 3.683186031479046108e+00
1.178544967743515359e+00 4.090138620340694864e+00 1.178544967743515359e+00 4.090138620340694864e+00
1.386215343386682619e+00 3.915233442514419515e+00 1.386215343386682619e+00 3.915233442514419515e+00
1.094168618316749608e+00 3.956700274281555796e+00 1.094168618316749608e+00 3.956700274281555796e+00
8.203122075927536949e-01 3.614631914201584362e+00 8.203122075927536949e-01 3.614631914201584362e+00
1.210842511814031131e+00 2.995791597117551053e+00 1.210842511814031131e+00 2.995791597117551053e+00
2.132277583066364279e+00 3.758404162638793622e+00 2.132277583066364279e+00 3.758404162638793622e+00
1.192983780369817781e+00 3.275524524083087474e+00 1.192983780369817781e+00 3.275524524083087474e+00
1.247616389904356415e+00 3.841892082325126356e+00 1.247616389904356415e+00 3.841892082325126356e+00
1.349745338240887715e+00 3.999395085701950681e+00 1.349745338240887715e+00 3.999395085701950681e+00
1.124374885842569061e+00 3.404000541270702840e+00 1.124374885842569061e+00 3.404000541270702840e+00
1.001611724377850399e+00 3.678773351379186707e+00 1.001611724377850399e+00 3.678773351379186707e+00
1.025495783763807012e+00 3.446651334703842551e+00 1.025495783763807012e+00 3.446651334703842551e+00
1.390946638024582738e+00 3.053154841443698420e+00 1.390946638024582738e+00 3.053154841443698420e+00
4.814378055335196138e-01 4.003136424230596013e+00 4.814378055335196138e-01 4.003136424230596013e+00
9.162075411443125761e-01 3.513811877709315468e+00 9.162075411443125761e-01 3.513811877709315468e+00
7.001160991859510796e-01 2.467061244107568108e+00 7.001160991859510796e-01 2.467061244107568108e+00
1.142984152886219240e+00 3.542704375531727123e+00 1.142984152886219240e+00 3.542704375531727123e+00
7.852722183080644847e-01 3.706268455785324267e+00 7.852722183080644847e-01 3.706268455785324267e+00
1.215777498737261819e+00 3.938581690713334638e+00 1.215777498737261819e+00 3.938581690713334638e+00
8.497540201948158289e-01 3.135471980619942922e+00 8.497540201948158289e-01 3.135471980619942922e+00
1.528318803118634550e+00 3.277781599344241403e+00 1.528318803118634550e+00 3.277781599344241403e+00
1.570585191288216276e+00 3.594245263341306007e+00 1.570585191288216276e+00 3.594245263341306007e+00
8.743210288479157377e-01 3.774909993337254743e+00 8.743210288479157377e-01 3.774909993337254743e+00
5.201022198317266643e-01 3.767453374018344459e+00 5.201022198317266643e-01 3.767453374018344459e+00
1.048217111976051275e+00 2.886321237395506500e+00 1.048217111976051275e+00 2.886321237395506500e+00
1.473309900841552889e+00 2.661974614164717146e+00 1.473309900841552889e+00 2.661974614164717146e+00
9.140069947713641563e-01 2.805183966498395964e+00 9.140069947713641563e-01 2.805183966498395964e+00
1.002941619244963611e+00 3.205230661892022326e+00 1.002941619244963611e+00 3.205230661892022326e+00
1.601100481745606929e+00 2.729367223404258525e+00 1.601100481745606929e+00 2.729367223404258525e+00
1.298289945622403962e+00 2.697986324031551586e+00 1.298289945622403962e+00 2.697986324031551586e+00
9.820132850534805113e-01 2.265732905608369929e+00 9.820132850534805113e-01 2.265732905608369929e+00
9.247179222692276657e-01 4.032944866829360819e+00 9.247179222692276657e-01 4.032944866829360819e+00
4.949730181003028640e-01 2.529141045127702991e+00 4.949730181003028640e-01 2.529141045127702991e+00
9.319028634801315158e-01 3.794377420913471521e+00 9.319028634801315158e-01 3.794377420913471521e+00
7.865733835265452667e-01 3.056721503603092138e+00 7.865733835265452667e-01 3.056721503603092138e+00
7.243006981014900036e-01 2.918860954651665285e+00 7.243006981014900036e-01 2.918860954651665285e+00
8.381353513545874989e-01 3.020605606077516825e+00 8.381353513545874989e-01 3.020605606077516825e+00
5.581945060976067907e-01 2.550742978147652273e+00 5.581945060976067907e-01 2.550742978147652273e+00
1.167932781694672739e+00 3.391604170507250604e+00 1.167932781694672739e+00 3.391604170507250604e+00
1.211805630484771523e+00 2.641034420434543950e+00 1.211805630484771523e+00 2.641034420434543950e+00
1.260612111164938653e+00 2.207471981359209412e+00 1.260612111164938653e+00 2.207471981359209412e+00
1.050834033678948343e+00 2.150939240770445515e+00 1.050834033678948343e+00 2.150939240770445515e+00
1.337599217764254833e+00 2.957651150438053378e+00 1.337599217764254833e+00 2.957651150438053378e+00
5.826707855917928613e-01 2.800671806087974947e+00 5.826707855917928613e-01 2.800671806087974947e+00
1.985200815901605020e+00 4.233125190923613168e+00 1.985200815901605020e+00 4.233125190923613168e+00
2.556402996822392915e+00 4.541254050470996617e+00 2.556402996822392915e+00 4.541254050470996617e+00
2.341128840113729126e+00 4.014224777095012797e+00 2.341128840113729126e+00 4.014224777095012797e+00
2.406992179944320576e+00 3.202667220803551373e+00 2.406992179944320576e+00 3.202667220803551373e+00
2.150307283155162619e+00 4.230252839994256497e+00 2.150307283155162619e+00 4.230252839994256497e+00
2.687815294928581178e+00 4.365512005213628477e+00 2.687815294928581178e+00 4.365512005213628477e+00
2.363992270660720596e+00 3.434374912622434106e+00 2.363992270660720596e+00 3.434374912622434106e+00
2.444730195182705401e+00 4.265229554497555142e+00 2.444730195182705401e+00 4.265229554497555142e+00
2.558081796623475235e+00 3.772033725594031939e+00 2.558081796623475235e+00 3.772033725594031939e+00
2.765818653014489481e+00 3.165853294240296378e+00 2.765818653014489481e+00 3.165853294240296378e+00
1.861160013876844044e+00 3.680129426053687869e+00 1.861160013876844044e+00 3.680129426053687869e+00
2.163842462888642793e+00 3.582998953408863319e+00 2.163842462888642793e+00 3.582998953408863319e+00
2.087886628394790556e+00 4.407991411208342036e+00 2.087886628394790556e+00 4.407991411208342036e+00
1.940343706114026290e+00 3.347429601726301218e+00 1.940343706114026290e+00 3.347429601726301218e+00
2.192564882956773431e+00 3.700354601951549416e+00 2.192564882956773431e+00 3.700354601951549416e+00
2.408654717897306341e+00 3.512648850917425847e+00 2.408654717897306341e+00 3.512648850917425847e+00
2.077155499143828354e+00 3.443523192978334979e+00 2.077155499143828354e+00 3.443523192978334979e+00
2.955651857625051893e+00 3.803879746721958277e+00 2.955651857625051893e+00 3.803879746721958277e+00
2.186346259590421948e+00 4.118314908156853527e+00 2.186346259590421948e+00 4.118314908156853527e+00
2.378450977882422990e+00 2.603988085695057020e+00 2.378450977882422990e+00 2.603988085695057020e+00
2.342050684344846090e+00 2.841863633705963288e+00 2.342050684344846090e+00 2.841863633705963288e+00
2.371976746467894248e+00 2.215709610724723166e+00 2.371976746467894248e+00 2.215709610724723166e+00
2.411397065490776814e+00 2.899166894123631266e+00 2.411397065490776814e+00 2.899166894123631266e+00
2.601183364935088616e+00 2.422002167543884976e+00 2.601183364935088616e+00 2.422002167543884976e+00
2.217163809723768253e+00 2.641960616358491443e+00 2.217163809723768253e+00 2.641960616358491443e+00
2.609860307598795170e+00 3.271181737298978209e+00 2.609860307598795170e+00 3.271181737298978209e+00
2.370171834408927314e+00 3.196114417129139795e+00 2.370171834408927314e+00 3.196114417129139795e+00
2.340148511127216668e+00 2.425431936065168603e+00 2.340148511127216668e+00 2.425431936065168603e+00
2.294821414660493719e+00 2.532654338935690141e+00 2.294821414660493719e+00 2.532654338935690141e+00
2.090117860469957289e+00 2.771024326068629140e+00 2.090117860469957289e+00 2.771024326068629140e+00
1.947879885235642483e+00 2.206513977929944303e+00 1.947879885235642483e+00 2.206513977929944303e+00
2.677879059588355481e+00 2.383520508637780200e+00 2.677879059588355481e+00 2.383520508637780200e+00
2.569029062789863538e+00 2.967782160570486383e+00 2.569029062789863538e+00 2.967782160570486383e+00
2.305454816494421522e+00 2.808506999557879968e+00 2.305454816494421522e+00 2.808506999557879968e+00
2.722177810983906543e+00 2.425059693803972127e+00 2.722177810983906543e+00 2.425059693803972127e+00
2.494623921953490697e+00 2.898602041648810967e+00 2.494623921953490697e+00 2.898602041648810967e+00
2.765612974192171336e+00 2.881972851249828160e+00 2.765612974192171336e+00 2.881972851249828160e+00
2.731939628469736814e+00 2.884704403193704358e+00 2.731939628469736814e+00 2.884704403193704358e+00
2.638911477668489436e+00 2.326859818650937495e+00 2.638911477668489436e+00 2.326859818650937495e+00
3.087067418098130123e+00 2.032728205492384976e+00 3.087067418098130123e+00 2.032728205492384976e+00
2.380227427307362920e+00 2.262883961596008131e+00 2.380227427307362920e+00 2.262883961596008131e+00
2.665068986131422957e+00 2.633199285670527079e+00 2.665068986131422957e+00 2.633199285670527079e+00
2.493855291207176528e+00 2.463728221665097529e+00 2.493855291207176528e+00 2.463728221665097529e+00
3.039366830707738831e+00 2.292800998467527496e+00 3.039366830707738831e+00 2.292800998467527496e+00
2.707648947136070738e+00 1.765352574143623565e+00 2.707648947136070738e+00 1.765352574143623565e+00
2.690264552175100299e+00 2.893610729078666566e+00 2.690264552175100299e+00 2.893610729078666566e+00
2.822149109264926015e+00 2.568750317420954499e+00 2.822149109264926015e+00 2.568750317420954499e+00
2.609784792193313940e+00 2.905172970940567367e+00 2.609784792193313940e+00 2.905172970940567367e+00
3.151303688091577904e+00 3.057040156192122549e+00 3.151303688091577904e+00 3.057040156192122549e+00
2.311951465562676500e+00 2.681114900561681225e+00 2.311951465562676500e+00 2.681114900561681225e+00
3.336865545692846435e+00 2.649368988494916533e+00 3.336865545692846435e+00 2.649368988494916533e+00
2.722824346088080549e+00 1.983502543042052313e+00 2.722824346088080549e+00 1.983502543042052313e+00
3.040342952579527136e+00 1.945233883651039442e+00 3.040342952579527136e+00 1.945233883651039442e+00
3.030328884455100624e+00 2.585566019284672112e+00 3.030328884455100624e+00 2.585566019284672112e+00
3.312114163611216799e+00 2.082660968602898954e+00 3.312114163611216799e+00 2.082660968602898954e+00
2.803820422394633027e+00 2.777222647156784685e+00 2.803820422394633027e+00 2.777222647156784685e+00
2.674752978030561668e+00 2.437012392349150236e+00 2.674752978030561668e+00 2.437012392349150236e+00
2.836675552916904763e+00 2.532852918616937288e+00 2.836675552916904763e+00 2.532852918616937288e+00
2.835283163980330645e+00 2.362824068820590373e+00 2.835283163980330645e+00 2.362824068820590373e+00
2.630291371678463275e+00 2.661934018327904106e+00 2.630291371678463275e+00 2.661934018327904106e+00
2.866382479069149447e+00 1.897886610387211181e+00 2.866382479069149447e+00 1.897886610387211181e+00
3.440088670804680060e+00 1.570576568082290292e+00 3.440088670804680060e+00 1.570576568082290292e+00
2.648341999884443521e+00 1.839586247621584292e+00 2.648341999884443521e+00 1.839586247621584292e+00
3.010021049154101291e+00 1.326945670352107642e+00 3.010021049154101291e+00 1.326945670352107642e+00
3.425253186072435341e+00 1.871928668581673838e+00 3.425253186072435341e+00 1.871928668581673838e+00
2.657146718001724750e+00 1.916863974174529694e+00 2.657146718001724750e+00 1.916863974174529694e+00
2.530792222638840627e+00 2.565118985866282841e+00 2.530792222638840627e+00 2.565118985866282841e+00
3.163263681984922915e+00 1.509509609527948548e+00 3.163263681984922915e+00 1.509509609527948548e+00
2.864668891998320976e+00 2.048396995620273664e+00 2.864668891998320976e+00 2.048396995620273664e+00
3.313730212061281932e+00 2.349918370603474305e+00 3.313730212061281932e+00 2.349918370603474305e+00
3.045921779384020756e+00 2.205768022418470586e+00 3.045921779384020756e+00 2.205768022418470586e+00
2.856546864994481183e+00 2.034101768261587839e+00 2.856546864994481183e+00 2.034101768261587839e+00
2.890368068650442712e+00 2.265837167986981093e+00 2.890368068650442712e+00 2.265837167986981093e+00
3.551008093742451521e+00 1.761769113440115664e+00 3.551008093742451521e+00 1.761769113440115664e+00
3.017630116319758304e+00 1.417202368742717322e+00 3.017630116319758304e+00 1.417202368742717322e+00
2.998790071116101075e+00 1.576409980226258112e+00 2.998790071116101075e+00 1.576409980226258112e+00
3.268320679221841996e+00 1.135257089446572776e+00 3.268320679221841996e+00 1.135257089446572776e+00
3.576348463780203879e+00 1.500996578166035489e+00 3.576348463780203879e+00 1.500996578166035489e+00
3.001474063484791177e+00 1.743785372330673544e+00 3.001474063484791177e+00 1.743785372330673544e+00
3.606492510639152993e+00 1.672879470759608633e+00 3.606492510639152993e+00 1.672879470759608633e+00
3.565922703325944187e+00 1.669800262854391759e+00 3.565922703325944187e+00 1.669800262854391759e+00
3.215239121397640787e+00 6.899765103534156729e-01 3.215239121397640787e+00 6.899765103534156729e-01
3.377174691075295776e+00 1.763117969279922370e+00 3.377174691075295776e+00 1.763117969279922370e+00
3.010804977414483385e+00 1.784814785014875227e+00 3.010804977414483385e+00 1.784814785014875227e+00
3.381295948432879506e+00 2.167896411231088116e+00 3.381295948432879506e+00 2.167896411231088116e+00
2.816700042224161038e+00 1.621154224069528693e+00 2.816700042224161038e+00 1.621154224069528693e+00
3.330864494619722116e+00 1.503902020931983774e+00 3.330864494619722116e+00 1.503902020931983774e+00
3.199314067378705939e+00 2.513582864025927677e+00 3.199314067378705939e+00 2.513582864025927677e+00
3.615992861666449176e+00 1.959798557168307420e+00 3.615992861666449176e+00 1.959798557168307420e+00
3.448702861134412156e+00 1.963826889657831476e+00 3.448702861134412156e+00 1.963826889657831476e+00
3.350161542203399456e+00 1.552609765818974363e+00 3.350161542203399456e+00 1.552609765818974363e+00
3.140062791130725728e+00 1.178077590782928175e+00 3.140062791130725728e+00 1.178077590782928175e+00
3.194663088177944754e+00 8.270698704036306692e-01 3.194663088177944754e+00 8.270698704036306692e-01
3.649876826284310205e+00 2.014798237110306367e+00 3.649876826284310205e+00 2.014798237110306367e+00
3.150329576707180834e+00 2.069281160423774857e+00 3.150329576707180834e+00 2.069281160423774857e+00
3.347348572437171654e+00 1.430712546445320532e+00 3.347348572437171654e+00 1.430712546445320532e+00
4.079667443393425685e+00 1.423677946878630474e+00 4.079667443393425685e+00 1.423677946878630474e+00
3.613354236146129939e+00 1.986808247239733483e+00 3.613354236146129939e+00 1.986808247239733483e+00
3.426532695117489702e+00 9.448611935332706935e-01 3.426532695117489702e+00 9.448611935332706935e-01
3.739736032326241411e+00 1.782358291944764028e+00 3.739736032326241411e+00 1.782358291944764028e+00
4.181084558170145904e+00 8.224632043241169033e-01 4.181084558170145904e+00 8.224632043241169033e-01
3.968421777783952553e+00 1.174599220899321228e+00 3.968421777783952553e+00 1.174599220899321228e+00
3.481411739876814071e+00 2.148822530097547645e+00 3.481411739876814071e+00 2.148822530097547645e+00
3.807991678886951892e+00 1.206343811751975359e+00 3.807991678886951892e+00 1.206343811751975359e+00
3.796342285856785015e+00 1.659627109259897759e+00 3.796342285856785015e+00 1.659627109259897759e+00
3.519535557508719936e+00 1.589066645619966689e+00 3.519535557508719936e+00 1.589066645619966689e+00
3.706390149526298305e+00 1.944689255276618400e+00 3.706390149526298305e+00 1.944689255276618400e+00
4.008900010996548247e+00 1.615443558529345180e+00 4.008900010996548247e+00 1.615443558529345180e+00
3.326032276590785486e+00 1.552714718092974566e+00 3.326032276590785486e+00 1.552714718092974566e+00
3.170414619647500487e+00 1.619393036512781547e+00 3.170414619647500487e+00 1.619393036512781547e+00
3.756835962901248216e+00 1.669428194460469861e+00 3.756835962901248216e+00 1.669428194460469861e+00
3.605117008864988648e+00 1.323291676651879856e+00 3.605117008864988648e+00 1.323291676651879856e+00
3.803406426518295635e+00 9.561734845627992696e-01 3.803406426518295635e+00 9.561734845627992696e-01
4.118063585361658951e+00 1.502708660954370723e+00 4.118063585361658951e+00 1.502708660954370723e+00
3.830885278300012242e+00 1.435247597860269231e+00 3.830885278300012242e+00 1.435247597860269231e+00
3.813368808536675481e+00 1.057031901564191356e+00 3.813368808536675481e+00 1.057031901564191356e+00
4.541175735443047756e+00 1.248878347847530046e+00 4.541175735443047756e+00 1.248878347847530046e+00
4.202465459048610796e+00 1.331510787020345532e+00 4.202465459048610796e+00 1.331510787020345532e+00
3.937111178151173618e+00 9.515307432082843464e-01 3.937111178151173618e+00 9.515307432082843464e-01
3.624483763507274414e+00 8.026293220718043742e-01 3.624483763507274414e+00 8.026293220718043742e-01
3.911720566497101981e+00 1.442595996314114393e+00 3.911720566497101981e+00 1.442595996314114393e+00
4.203686769459014094e+00 5.251009966343401780e-01 4.203686769459014094e+00 5.251009966343401780e-01
3.799556712958063187e+00 7.180395344250387613e-01 3.799556712958063187e+00 7.180395344250387613e-01
4.523474660442191819e+00 8.929332914836823898e-01 4.523474660442191819e+00 8.929332914836823898e-01
3.833182410971859522e+00 7.686180404056451865e-01 3.833182410971859522e+00 7.686180404056451865e-01
4.380219137593832635e+00 1.224833028482913644e+00 4.380219137593832635e+00 1.224833028482913644e+00
3.832543039375776672e+00 1.493391928479009367e+00 3.832543039375776672e+00 1.493391928479009367e+00
4.087426300161568271e+00 1.462794015226363209e+00 4.087426300161568271e+00 1.462794015226363209e+00
4.368385359917443367e+00 1.570180080367451048e+00 4.368385359917443367e+00 1.570180080367451048e+00
4.427496299196658214e+00 1.487972790791707745e+00 4.427496299196658214e+00 1.487972790791707745e+00
4.135941278971759338e+00 1.285854347383768692e+00 4.135941278971759338e+00 1.285854347383768692e+00
4.200369306126257030e+00 0.000000000000000000e+00 4.200369306126257030e+00 0.000000000000000000e+00
3.666438018143754363e+00 1.313125239246303977e+00 3.666438018143754363e+00 1.313125239246303977e+00
4.538523632825806509e+00 1.281426144686715007e+00 4.538523632825806509e+00 1.281426144686715007e+00
4.717220099895055085e+00 1.051133192514041470e+00 4.717220099895055085e+00 1.051133192514041470e+00
4.253696049142565272e+00 1.249498756082087825e+00 4.253696049142565272e+00 1.249498756082087825e+00
4.253599326422689231e+00 1.294327341579532442e+00 4.253599326422689231e+00 1.294327341579532442e+00
4.241686627162357226e+00 1.278001047749117269e+00 4.241686627162357226e+00 1.278001047749117269e+00
3.756924755354570156e+00 1.619888718051443632e+00 3.756924755354570156e+00 1.619888718051443632e+00
4.253941880459533031e+00 1.026418858767982334e+00 4.253941880459533031e+00 1.026418858767982334e+00
4.806801002305785886e+00 2.346324303371972064e+00 4.806801002305785886e+00 2.346324303371972064e+00
4.188567781862016837e+00 9.652772353629167634e-01 4.188567781862016837e+00 9.652772353629167634e-01
4.452639767650163449e+00 8.361605524099625653e-01 4.452639767650163449e+00 8.361605524099625653e-01
4.767455142062836160e+00 1.033877321313225073e+00 4.767455142062836160e+00 1.033877321313225073e+00
4.161202019540472641e+00 1.219281271006548373e+00 4.161202019540472641e+00 1.219281271006548373e+00
4.743208674125318325e+00 2.184577139729078965e+00 4.743208674125318325e+00 2.184577139729078965e+00
4.283454969282336045e+00 1.571194910592578653e+00 4.283454969282336045e+00 1.571194910592578653e+00
4.442689164981463712e+00 2.118069159943880120e+00 4.442689164981463712e+00 2.118069159943880120e+00
4.291441510362922429e+00 1.748299699592353429e+00 4.291441510362922429e+00 1.748299699592353429e+00
4.165021814196770755e+00 2.099538548848868480e+00 4.165021814196770755e+00 2.099538548848868480e+00
4.975949217967642113e+00 1.903596693049687261e+00 4.975949217967642113e+00 1.903596693049687261e+00
4.918073428938386726e+00 1.396216213963725972e+00 4.918073428938386726e+00 1.396216213963725972e+00
4.890414094205246087e+00 1.173508485935302659e+00 4.890414094205246087e+00 1.173508485935302659e+00
4.330533058535500857e+00 1.477531778382739747e+00 4.330533058535500857e+00 1.477531778382739747e+00
5.407324945894490753e+00 1.750194339597547444e+00 5.407324945894490753e+00 1.750194339597547444e+00
4.400954691380681183e+00 2.363989583768834279e+00 4.400954691380681183e+00 2.363989583768834279e+00
5.180125111245107661e+00 2.123969965622490186e+00 5.180125111245107661e+00 2.123969965622490186e+00
5.044568023639463661e+00 1.221369608953019492e+00 5.044568023639463661e+00 1.221369608953019492e+00
5.174511596891445464e+00 1.426143233223084339e+00 5.174511596891445464e+00 1.426143233223084339e+00
4.441179339878334353e+00 2.126680898735540559e+00 4.441179339878334353e+00 2.126680898735540559e+00
4.950018395479082400e+00 1.152651376255644733e+00 4.950018395479082400e+00 1.152651376255644733e+00
4.991161081191756388e+00 1.983542652361340197e+00 4.991161081191756388e+00 1.983542652361340197e+00
5.185724912163584222e+00 1.696434108754329984e+00 5.185724912163584222e+00 1.696434108754329984e+00
5.019088555405322616e+00 1.397137909296201519e+00 5.019088555405322616e+00 1.397137909296201519e+00
5.014158922418356035e+00 2.403249597774405721e+00 5.014158922418356035e+00 2.403249597774405721e+00
4.678698040643118894e+00 1.938758303611789469e+00 4.678698040643118894e+00 1.938758303611789469e+00
5.559962687891953692e+00 1.747575432334264489e+00 5.559962687891953692e+00 1.747575432334264489e+00
5.185804494201256887e+00 2.302424069277206886e+00 5.185804494201256887e+00 2.302424069277206886e+00
4.972455663428140049e+00 1.912703452344101773e+00 4.972455663428140049e+00 1.912703452344101773e+00
5.345151776233440621e+00 1.616612844509960123e+00 5.345151776233440621e+00 1.616612844509960123e+00
4.555427606662442841e+00 1.939476606558772742e+00 4.555427606662442841e+00 1.939476606558772742e+00
4.716768566804040219e+00 1.942925456727757405e+00 4.716768566804040219e+00 1.942925456727757405e+00
4.941087449502433948e+00 1.738861196654676311e+00 4.941087449502433948e+00 1.738861196654676311e+00
3.951641060424810004e+00 1.857602146081385852e+00 3.951641060424810004e+00 1.857602146081385852e+00
5.370984198944880106e+00 2.708209261002291868e+00 5.370984198944880106e+00 2.708209261002291868e+00
4.738811331703605134e+00 1.851802642766771312e+00 4.738811331703605134e+00 1.851802642766771312e+00
4.108812919209951176e+00 2.619627822436112474e+00 4.108812919209951176e+00 2.619627822436112474e+00
4.903292055983539122e+00 1.927188197295481631e+00 4.903292055983539122e+00 1.927188197295481631e+00
5.452563188333835242e+00 1.403796469683318504e+00 5.452563188333835242e+00 1.403796469683318504e+00
5.085262970052221831e+00 2.433535644147271970e+00 5.085262970052221831e+00 2.433535644147271970e+00
4.928851937291365282e+00 2.247088006226639401e+00 4.928851937291365282e+00 2.247088006226639401e+00
5.177193980340992319e+00 2.677645235198289342e+00 5.177193980340992319e+00 2.677645235198289342e+00
5.339945485092834510e+00 2.711174973098347873e+00 5.339945485092834510e+00 2.711174973098347873e+00
5.259557730453662039e+00 2.384982565149246447e+00 5.259557730453662039e+00 2.384982565149246447e+00
4.794720812949881505e+00 2.111006088038670292e+00 4.794720812949881505e+00 2.111006088038670292e+00
5.303699121308753206e+00 1.396232069889969063e+00 5.303699121308753206e+00 1.396232069889969063e+00
4.683527479078240852e+00 3.062194927911793041e+00 4.683527479078240852e+00 3.062194927911793041e+00
5.053750597892280538e+00 1.739121264644878151e+00 5.053750597892280538e+00 1.739121264644878151e+00
5.735991375497848210e+00 2.445566433960702835e+00 5.735991375497848210e+00 2.445566433960702835e+00
5.636297148642956500e+00 2.337126633366366946e+00 5.636297148642956500e+00 2.337126633366366946e+00
4.766554232822011627e+00 2.325852178691981020e+00 4.766554232822011627e+00 2.325852178691981020e+00
5.042177057921445105e+00 2.293109087871757268e+00 5.042177057921445105e+00 2.293109087871757268e+00
5.146146645551616494e+00 2.513647619232129760e+00 5.146146645551616494e+00 2.513647619232129760e+00
5.187059175954560786e+00 2.072675197270549940e+00 5.187059175954560786e+00 2.072675197270549940e+00
6.283185307179586232e+00 1.706748339664433622e+00 6.283185307179586232e+00 1.706748339664433622e+00
5.514432486131654265e+00 3.130463066217325618e+00 5.514432486131654265e+00 3.130463066217325618e+00
5.531241957483200800e+00 3.468367791419506574e+00 5.531241957483200800e+00 3.468367791419506574e+00
4.693341682030972351e+00 2.394288181973061036e+00 4.693341682030972351e+00 2.394288181973061036e+00
5.542374200986595945e+00 3.325025222328719110e+00 5.542374200986595945e+00 3.325025222328719110e+00
5.151136040550563067e+00 2.021275792891760847e+00 5.151136040550563067e+00 2.021275792891760847e+00
5.403325292342177733e+00 2.526881439897926018e+00 5.403325292342177733e+00 2.526881439897926018e+00
5.503853320613086630e+00 2.558044720091930735e+00 5.503853320613086630e+00 2.558044720091930735e+00
5.182976271214340791e+00 2.421179780126822223e+00 5.182976271214340791e+00 2.421179780126822223e+00
4.944936256561128118e+00 2.669484324702400269e+00 4.944936256561128118e+00 2.669484324702400269e+00
5.385071920932356093e+00 3.755949968633316427e+00 5.385071920932356093e+00 3.755949968633316427e+00
5.475604013406106141e+00 3.349299695078602035e+00 5.475604013406106141e+00 3.349299695078602035e+00
5.555463732237743812e+00 3.230957538923314054e+00 5.555463732237743812e+00 3.230957538923314054e+00
5.228465449712329516e+00 2.598658305469564667e+00 5.228465449712329516e+00 2.598658305469564667e+00
5.734357056197997515e+00 2.478382548972595245e+00 5.734357056197997515e+00 2.478382548972595245e+00
5.169130690281264151e+00 2.545449380012603235e+00 5.169130690281264151e+00 2.545449380012603235e+00
5.496894517684909331e+00 3.055300834960824830e+00 5.496894517684909331e+00 3.055300834960824830e+00
4.771300441355093014e+00 3.656852228163713470e+00 4.771300441355093014e+00 3.656852228163713470e+00
5.801036225085000275e+00 3.080067127259273008e+00 5.801036225085000275e+00 3.080067127259273008e+00
5.860405181415930365e+00 3.051226540897480355e+00 5.860405181415930365e+00 3.051226540897480355e+00
5.429185400758644420e+00 2.927808548780735265e+00 5.429185400758644420e+00 2.927808548780735265e+00
5.934674355417200786e+00 2.681200167025030723e+00 5.934674355417200786e+00 2.681200167025030723e+00
5.993169473422253368e+00 3.436079724933387869e+00 5.993169473422253368e+00 3.436079724933387869e+00
5.874737421558642758e+00 2.509324872828600395e+00 5.874737421558642758e+00 2.509324872828600395e+00
5.679166028428663360e+00 3.147252317489631412e+00 5.679166028428663360e+00 3.147252317489631412e+00
5.653501688970399286e+00 2.663187865424365697e+00 5.653501688970399286e+00 2.663187865424365697e+00
5.275288186047472294e+00 2.861626970125738634e+00 5.275288186047472294e+00 2.861626970125738634e+00
5.443862893453591312e+00 3.218179523162417954e+00 5.443862893453591312e+00 3.218179523162417954e+00
5.556409758537373733e+00 1.862378936293560328e+00 5.556409758537373733e+00 1.862378936293560328e+00
5.889914433096672397e+00 2.931301591725256284e+00 5.889914433096672397e+00 2.931301591725256284e+00
5.505027412013090427e+00 3.402847489120209623e+00 5.505027412013090427e+00 3.402847489120209623e+00
5.863616531344631788e+00 3.628284222690262517e+00 5.863616531344631788e+00 3.628284222690262517e+00
5.967791535273173409e+00 3.633567989810606580e+00 5.967791535273173409e+00 3.633567989810606580e+00
5.464477204875669791e+00 3.233344429668661757e+00 5.464477204875669791e+00 3.233344429668661757e+00
5.387654517095491258e+00 3.157040102604638410e+00 5.387654517095491258e+00 3.157040102604638410e+00
5.740405098511532245e+00 3.823058188639625321e+00 5.740405098511532245e+00 3.823058188639625321e+00
5.562259709081499359e+00 3.409139520834643555e+00 5.562259709081499359e+00 3.409139520834643555e+00
5.648267247662288604e+00 4.157500371916965420e+00 5.648267247662288604e+00 4.157500371916965420e+00
6.104258683067093294e+00 3.733673281065583271e+00 6.104258683067093294e+00 3.733673281065583271e+00
5.496415386620146393e+00 3.355135521692547584e+00 5.496415386620146393e+00 3.355135521692547584e+00
5.719458767612616512e+00 4.296684473577126795e+00 5.719458767612616512e+00 4.296684473577126795e+00
5.345942181285198380e+00 3.394898263601162647e+00 5.345942181285198380e+00 3.394898263601162647e+00
5.919746188319701119e+00 4.329486844791050615e+00 5.919746188319701119e+00 4.329486844791050615e+00
5.949084142939698339e+00 4.242528981924700737e+00 5.949084142939698339e+00 4.242528981924700737e+00
6.186063696001185441e+00 3.900287175657097816e+00 6.186063696001185441e+00 3.900287175657097816e+00
5.131140365881944554e+00 4.324471038871434914e+00 5.131140365881944554e+00 4.324471038871434914e+00
